,latitude,longitude,brightness,scan,track,acq_date,acq_time,satellite,confidence,version,bright_t31,frp,daynight
0,33.498000000000005,-101.075,306.2,2.9,1.6,2019-08-18,415,T,67,6.0NRT,294.3,23.1,N
1,33.499,-101.08,306.0,2.9,1.6,2019-08-18,415,T,67,6.0NRT,294.4,23.2,N
2,34.174,-99.745,305.1,2.3,1.5,2019-08-18,415,T,35,6.0NRT,292.3,15.1,N
3,34.035,-100.399,308.3,2.5,1.5,2019-08-18,415,T,74,6.0NRT,294.5,24.3,N
4,34.048,-100.404,310.7,2.5,1.5,2019-08-18,415,T,81,6.0NRT,294.3,29.3,N
5,34.041,-100.40700000000001,313.9,2.5,1.5,2019-08-18,415,T,88,6.0NRT,294.5,41.0,N
6,34.191,-99.781,308.9,2.3,1.5,2019-08-18,415,T,65,6.0NRT,292.9,22.6,N
7,34.186,-99.806,309.3,2.3,1.5,2019-08-18,415,T,59,6.0NRT,292.9,24.6,N
8,34.204,-99.785,312.7,2.3,1.5,2019-08-18,415,T,68,6.0NRT,293.1,31.6,N
9,35.705,-92.132,324.0,1.0,1.0,2019-08-18,415,T,100,6.0NRT,295.6,20.0,N
10,35.703,-92.14299999999999,305.1,1.0,1.0,2019-08-18,415,T,58,6.0NRT,294.7,4.4,N
11,35.715,-92.12899999999999,306.0,1.0,1.0,2019-08-18,415,T,63,6.0NRT,295.1,5.1,N
12,35.713,-92.14,314.9,1.0,1.0,2019-08-18,415,T,89,6.0NRT,294.9,11.5,N
13,38.696,-90.13,309.5,1.1,1.1,2019-08-18,415,T,78,6.0NRT,296.2,8.0,N
14,38.695,-90.14299999999999,309.0,1.1,1.1,2019-08-18,415,T,76,6.0NRT,296.3,7.7,N
15,41.632,-87.137,304.9,1.8,1.3,2019-08-18,415,T,62,6.0NRT,291.2,14.5,N
16,18.063,-88.27600000000001,306.9,1.0,1.0,2019-08-18,410,T,64,6.0NRT,294.1,4.7,N
17,17.896,-92.486,311.3,1.6,1.2,2019-08-18,410,T,82,6.0NRT,289.4,16.4,N
18,17.846,-93.113,334.0,1.8,1.3,2019-08-18,410,T,100,6.0NRT,291.0,74.1,N
19,17.844,-93.13,328.4,1.8,1.3,2019-08-18,410,T,100,6.0NRT,291.0,57.0,N
20,17.896,-93.175,305.5,1.8,1.3,2019-08-18,410,T,35,6.0NRT,289.9,8.6,N
21,17.893,-93.191,315.3,1.8,1.3,2019-08-18,410,T,91,6.0NRT,291.2,25.3,N
22,17.891,-93.18,311.0,1.8,1.3,2019-08-18,410,T,80,6.0NRT,290.5,18.1,N
23,17.887999999999998,-93.196,307.9,1.8,1.3,2019-08-18,410,T,71,6.0NRT,291.0,13.0,N
24,17.903,-93.182,304.5,1.8,1.3,2019-08-18,410,T,54,6.0NRT,290.3,7.8,N
25,18.145,-92.72200000000001,319.2,1.7,1.3,2019-08-18,410,T,98,6.0NRT,289.3,31.9,N
26,18.142,-92.738,305.4,1.7,1.3,2019-08-18,410,T,61,6.0NRT,288.8,9.5,N
27,18.143,-92.728,320.2,1.7,1.3,2019-08-18,410,T,100,6.0NRT,289.1,33.3,N
28,18.64,-92.185,308.9,1.5,1.2,2019-08-18,410,T,71,6.0NRT,291.4,10.4,N
29,19.307000000000002,-92.197,306.4,1.5,1.2,2019-08-18,410,T,45,6.0NRT,287.0,7.1,N
30,19.304000000000002,-92.211,307.3,1.5,1.2,2019-08-18,410,T,53,6.0NRT,286.6,8.5,N
31,19.393,-92.04,312.8,1.4,1.2,2019-08-18,410,T,80,6.0NRT,287.1,14.8,N
32,19.391,-92.053,307.6,1.4,1.2,2019-08-18,410,T,56,6.0NRT,287.0,8.7,N
33,19.437,-92.035,305.2,1.4,1.2,2019-08-18,410,T,24,6.0NRT,287.2,5.9,N
34,19.566,-92.23700000000001,319.2,1.4,1.2,2019-08-18,410,T,98,6.0NRT,281.9,26.2,N
35,30.943,-88.01799999999999,306.6,1.2,1.1,2019-08-18,410,T,65,6.0NRT,295.7,6.6,N
36,30.263,-93.287,349.8,1.1,1.1,2019-08-18,410,T,100,6.0NRT,295.4,71.6,N
37,30.261,-93.29899999999999,313.4,1.1,1.1,2019-08-18,410,T,85,6.0NRT,294.4,10.7,N
38,31.59,-90.139,306.0,1.0,1.0,2019-08-18,410,T,65,6.0NRT,294.3,5.1,N
39,31.706999999999997,-89.678,316.6,1.0,1.0,2019-08-18,410,T,93,6.0NRT,288.2,15.0,N
40,31.706,-89.689,308.9,1.0,1.0,2019-08-18,410,T,76,6.0NRT,287.6,8.6,N
41,31.67,-89.958,306.2,1.0,1.0,2019-08-18,410,T,66,6.0NRT,293.9,5.1,N
42,31.679000000000002,-89.959,305.8,1.0,1.0,2019-08-18,410,T,65,6.0NRT,294.2,4.9,N
43,32.316,-90.139,305.2,1.0,1.0,2019-08-18,410,T,59,6.0NRT,295.0,4.3,N
44,33.163000000000004,-93.01899999999999,305.3,1.0,1.0,2019-08-18,410,T,57,6.0NRT,293.2,5.2,N
45,33.161,-93.031,311.6,1.0,1.0,2019-08-18,410,T,81,6.0NRT,293.3,9.8,N
46,32.984,-94.199,306.4,1.2,1.1,2019-08-18,410,T,59,6.0NRT,294.1,5.6,N
47,42.858999999999995,-109.705,333.6,2.4,1.5,2019-08-18,555,T,100,6.0NRT,281.0,138.8,N
48,42.854,-109.71,326.5,2.4,1.5,2019-08-18,555,T,100,6.0NRT,281.7,106.3,N
49,33.418,-110.865,312.1,1.6,1.2,2019-08-18,550,T,84,6.0NRT,291.3,19.4,N
50,36.347,-112.288,300.4,1.4,1.2,2019-08-18,550,T,9,6.0NRT,285.8,8.7,N
51,36.406,-113.15799999999999,306.8,1.3,1.1,2019-08-18,550,T,15,6.0NRT,291.2,10.7,N
52,35.704,-119.329,316.0,1.1,1.1,2019-08-18,550,T,92,6.0NRT,296.1,15.3,N
53,36.163000000000004,-118.181,329.3,1.0,1.0,2019-08-18,550,T,100,6.0NRT,285.7,32.3,N
54,37.585,-112.287,306.3,1.5,1.2,2019-08-18,550,T,61,6.0NRT,287.4,14.9,N
55,37.583,-112.304,308.9,1.5,1.2,2019-08-18,550,T,76,6.0NRT,287.8,18.2,N
56,37.588,-112.29299999999999,314.7,1.5,1.2,2019-08-18,550,T,90,6.0NRT,288.0,26.8,N
57,37.586,-112.31,308.1,1.5,1.2,2019-08-18,550,T,73,6.0NRT,287.5,18.0,N
58,37.812,-118.887,308.9,1.0,1.0,2019-08-18,550,T,76,6.0NRT,284.8,12.1,N
59,37.821,-118.889,321.9,1.0,1.0,2019-08-18,550,T,100,6.0NRT,286.1,23.1,N
60,37.83,-118.891,319.4,1.0,1.0,2019-08-18,550,T,98,6.0NRT,287.3,20.2,N
61,37.828,-118.90299999999999,327.3,1.0,1.0,2019-08-18,550,T,100,6.0NRT,285.1,29.1,N
62,37.855,-118.904,316.3,1.0,1.0,2019-08-18,550,T,93,6.0NRT,284.7,18.3,N
63,37.853,-118.916,322.8,1.0,1.0,2019-08-18,550,T,100,6.0NRT,285.0,24.8,N
64,37.830999999999996,-119.868,338.2,1.1,1.0,2019-08-18,550,T,100,6.0NRT,290.9,48.3,N
65,37.829,-119.88,327.3,1.1,1.0,2019-08-18,550,T,100,6.0NRT,289.3,31.0,N
66,32.321999999999996,-101.985,304.0,1.2,1.1,2019-08-18,830,A,58,6.0NRT,293.8,5.5,N
67,30.261999999999997,-93.29299999999999,313.5,1.8,1.3,2019-08-18,830,A,87,6.0NRT,294.2,23.6,N
68,30.259,-93.275,319.1,1.8,1.3,2019-08-18,830,A,98,6.0NRT,294.7,34.9,N
69,29.766,-93.861,308.7,1.7,1.3,2019-08-18,830,A,73,6.0NRT,294.9,12.7,N
70,30.291999999999998,-100.931,306.7,1.1,1.0,2019-08-18,830,A,67,6.0NRT,296.4,4.6,N
71,30.291,-100.92,310.3,1.1,1.0,2019-08-18,830,A,79,6.0NRT,296.4,7.3,N
72,26.889,-101.461,310.6,1.0,1.0,2019-08-18,830,A,79,6.0NRT,299.4,5.9,N
73,26.886999999999997,-101.45100000000001,317.6,1.0,1.0,2019-08-18,830,A,95,6.0NRT,300.1,11.7,N
74,26.881999999999998,-101.41,317.8,1.0,1.0,2019-08-18,830,A,95,6.0NRT,299.4,12.1,N
75,26.46,-100.148,305.3,1.0,1.0,2019-08-18,830,A,54,6.0NRT,295.3,4.1,N
76,25.726999999999997,-100.29899999999999,307.2,1.0,1.0,2019-08-18,830,A,67,6.0NRT,295.0,4.5,N
77,19.575,-92.226,307.3,3.7,1.8,2019-08-18,830,A,53,6.0NRT,285.4,35.6,N
78,19.567999999999998,-92.235,305.6,3.7,1.8,2019-08-18,830,A,33,6.0NRT,286.2,29.8,N
79,19.393,-92.03399999999999,305.5,3.8,1.8,2019-08-18,830,A,32,6.0NRT,288.9,29.8,N
80,18.205,-93.992,302.3,2.9,1.6,2019-08-18,835,A,48,6.0NRT,287.7,16.2,N
81,18.202,-93.99700000000001,304.9,2.9,1.6,2019-08-18,835,A,62,6.0NRT,287.7,23.5,N
82,17.891,-93.17,302.2,3.4,1.7,2019-08-18,835,A,48,6.0NRT,288.5,20.3,N
83,17.848,-93.11399999999999,318.0,3.4,1.7,2019-08-18,835,A,96,6.0NRT,289.0,88.4,N
84,17.852,-93.118,314.0,3.4,1.7,2019-08-18,835,A,88,6.0NRT,289.1,68.4,N
85,17.846,-93.086,303.2,3.4,1.7,2019-08-18,835,A,54,6.0NRT,288.8,24.5,N
86,17.979,-94.51700000000001,301.7,2.7,1.6,2019-08-18,835,A,43,6.0NRT,285.7,15.5,N
87,17.933,-102.205,312.8,1.0,1.0,2019-08-18,835,A,86,6.0NRT,291.6,9.2,N
88,17.930999999999997,-102.196,305.3,1.0,1.0,2019-08-18,835,A,64,6.0NRT,291.8,4.0,N
89,37.855,-118.90899999999999,343.1,1.2,1.1,2019-08-18,1005,A,100,6.0NRT,285.9,64.6,N
90,37.853,-118.897,308.5,1.2,1.1,2019-08-18,1005,A,51,6.0NRT,283.6,14.0,N
91,37.834,-118.902,305.3,1.2,1.1,2019-08-18,1005,A,7,6.0NRT,281.5,10.7,N
92,37.832,-118.89,322.5,1.2,1.1,2019-08-18,1005,A,100,6.0NRT,285.7,28.4,N
93,37.821999999999996,-118.89200000000001,308.5,1.2,1.1,2019-08-18,1005,A,75,6.0NRT,282.0,14.4,N
94,37.82,-118.88,312.4,1.2,1.1,2019-08-18,1005,A,85,6.0NRT,283.7,18.1,N
95,35.705999999999996,-119.324,303.5,1.2,1.1,2019-08-18,1005,A,56,6.0NRT,292.0,7.8,N
96,42.298,-83.15299999999999,320.1,1.3,1.1,2019-08-18,1615,T,76,6.0NRT,282.2,16.3,D
97,41.056999999999995,-76.238,314.0,1.1,1.1,2019-08-18,1615,T,27,6.0NRT,296.4,8.0,D
98,40.861999999999995,-76.79,315.4,1.1,1.0,2019-08-18,1615,T,0,6.0NRT,298.7,9.1,D
99,40.434,-76.521,316.0,1.1,1.1,2019-08-18,1615,T,52,6.0NRT,298.2,7.9,D
100,40.567,-77.59899999999999,313.9,1.0,1.0,2019-08-18,1615,T,51,6.0NRT,297.2,6.1,D
101,40.23,-76.735,316.8,1.1,1.1,2019-08-18,1615,T,48,6.0NRT,298.3,7.5,D
102,40.211,-76.848,321.0,1.1,1.0,2019-08-18,1615,T,56,6.0NRT,302.4,12.5,D
103,40.208,-76.835,319.7,1.1,1.1,2019-08-18,1615,T,49,6.0NRT,301.5,11.5,D
104,40.064,-76.762,317.1,1.1,1.1,2019-08-18,1615,T,49,6.0NRT,298.7,8.4,D
105,40.025,-77.51899999999999,317.2,1.1,1.0,2019-08-18,1615,T,37,6.0NRT,300.2,7.3,D
106,37.698,-77.441,318.0,1.1,1.1,2019-08-18,1615,T,54,6.0NRT,301.5,8.0,D
107,37.198,-76.598,312.2,1.3,1.1,2019-08-18,1615,T,38,6.0NRT,294.3,8.4,D
108,37.306,-77.385,320.6,1.2,1.1,2019-08-18,1615,T,72,6.0NRT,303.2,13.4,D
109,37.053000000000004,-77.169,317.3,1.2,1.1,2019-08-18,1615,T,67,6.0NRT,300.2,11.5,D
110,37.232,-82.035,313.7,1.0,1.0,2019-08-18,1615,T,61,6.0NRT,298.9,7.1,D
111,36.728,-79.867,315.4,1.0,1.0,2019-08-18,1615,T,40,6.0NRT,301.3,6.2,D
112,36.643,-79.859,319.9,1.0,1.0,2019-08-18,1615,T,41,6.0NRT,304.3,8.9,D
113,36.663000000000004,-80.921,318.4,1.0,1.0,2019-08-18,1615,T,64,6.0NRT,302.2,8.7,D
114,36.221,-80.306,315.8,1.0,1.0,2019-08-18,1615,T,46,6.0NRT,299.9,5.8,D
115,36.039,-80.325,316.6,1.0,1.0,2019-08-18,1615,T,28,6.0NRT,300.1,5.8,D
116,36.77,-89.15700000000001,313.9,2.5,1.5,2019-08-18,1615,T,31,6.0NRT,291.8,24.7,D
117,35.766,-80.85,319.1,1.0,1.0,2019-08-18,1615,T,56,6.0NRT,302.7,7.2,D
118,36.689,-89.28299999999999,313.8,2.5,1.5,2019-08-18,1615,T,21,6.0NRT,294.7,18.3,D
119,34.933,-78.89699999999999,316.4,1.1,1.0,2019-08-18,1615,T,57,6.0NRT,299.9,6.4,D
120,34.442,-81.898,314.3,1.0,1.0,2019-08-18,1615,T,41,6.0NRT,298.7,5.1,D
121,33.918,-80.655,317.7,1.0,1.0,2019-08-18,1615,T,66,6.0NRT,301.0,8.7,D
122,33.412,-85.038,316.3,1.3,1.1,2019-08-18,1615,T,35,6.0NRT,301.5,9.1,D
123,32.278,-91.109,315.1,2.9,1.6,2019-08-18,1615,T,55,6.0NRT,290.8,33.0,D
124,26.745,-80.377,323.6,1.2,1.1,2019-08-18,1615,T,57,6.0NRT,305.2,17.0,D
125,26.159000000000002,-81.758,321.9,1.1,1.0,2019-08-18,1615,T,56,6.0NRT,302.4,7.9,D
126,20.531999999999996,-76.655,308.8,2.7,1.6,2019-08-18,1620,T,37,6.0NRT,288.2,16.7,D
127,20.079,-74.619,312.9,3.9,1.8,2019-08-18,1620,T,41,6.0NRT,292.2,49.0,D
128,19.563,-92.23299999999999,316.1,2.4,1.5,2019-08-18,1620,T,65,6.0NRT,293.0,39.9,D
129,19.399,-92.051,310.8,2.4,1.5,2019-08-18,1620,T,43,6.0NRT,293.2,21.5,D
130,18.464000000000002,-66.6,321.3,1.0,1.0,2019-08-18,1745,A,47,6.0NRT,299.5,7.8,D
131,18.463,-66.609,329.9,1.0,1.0,2019-08-18,1745,A,63,6.0NRT,299.8,17.6,D
132,18.114,-71.09100000000001,310.9,1.6,1.3,2019-08-18,1745,A,27,6.0NRT,291.4,14.7,D
133,18.928,-70.354,327.4,1.4,1.2,2019-08-18,1745,A,82,6.0NRT,295.7,31.4,D
134,34.21,-95.23100000000001,333.9,3.4,1.7,2019-08-18,1755,T,85,6.0NRT,295.1,148.7,D
135,34.215,-95.234,317.2,3.4,1.7,2019-08-18,1755,T,26,6.0NRT,295.0,39.9,D
136,34.2,-95.24,324.7,3.4,1.7,2019-08-18,1755,T,76,6.0NRT,295.2,87.3,D
137,34.191,-95.204,318.6,3.4,1.7,2019-08-18,1755,T,67,6.0NRT,295.1,51.1,D
138,34.193000000000005,-99.785,337.9,1.7,1.3,2019-08-18,1755,T,71,6.0NRT,310.5,45.6,D
139,34.185,-99.794,339.7,1.7,1.3,2019-08-18,1755,T,68,6.0NRT,308.5,50.2,D
140,34.074,-100.361,364.5,1.6,1.3,2019-08-18,1755,T,100,6.0NRT,311.5,166.5,D
141,34.071,-100.344,372.8,1.6,1.3,2019-08-18,1755,T,100,6.0NRT,311.4,222.4,D
142,34.063,-100.36399999999999,345.7,1.6,1.3,2019-08-18,1755,T,90,6.0NRT,311.0,72.7,D
143,34.06,-100.34700000000001,332.1,1.6,1.3,2019-08-18,1755,T,75,6.0NRT,309.0,28.3,D
144,34.052,-100.367,333.0,1.6,1.3,2019-08-18,1755,T,76,6.0NRT,309.8,27.7,D
145,34.048,-100.404,337.7,1.6,1.2,2019-08-18,1755,T,80,6.0NRT,311.6,39.5,D
146,34.045,-100.387,340.9,1.6,1.2,2019-08-18,1755,T,86,6.0NRT,313.5,49.1,D
147,34.041,-100.37,335.3,1.6,1.3,2019-08-18,1755,T,71,6.0NRT,310.9,31.5,D
148,34.034,-100.39,333.3,1.6,1.2,2019-08-18,1755,T,72,6.0NRT,311.7,26.5,D
149,34.045,-100.39299999999999,335.3,1.6,1.2,2019-08-18,1755,T,77,6.0NRT,313.3,32.3,D
150,35.029,-111.899,348.5,1.8,1.3,2019-08-18,1755,T,93,6.0NRT,303.3,117.5,D
151,32.306999999999995,-104.866,331.6,1.1,1.0,2019-08-18,1755,T,64,6.0NRT,314.2,10.9,D
152,31.362,-101.775,333.7,1.5,1.2,2019-08-18,1755,T,73,6.0NRT,309.9,22.2,D
153,26.886999999999997,-101.45200000000001,331.1,2.0,1.4,2019-08-18,1755,T,50,6.0NRT,311.7,23.0,D
154,26.82,-107.079,313.8,1.0,1.0,2019-08-18,1755,T,52,6.0NRT,298.5,6.5,D
155,26.819000000000003,-107.069,313.1,1.0,1.0,2019-08-18,1755,T,32,6.0NRT,298.7,6.0,D
156,24.984,-97.55799999999999,311.0,4.1,1.9,2019-08-18,1755,T,9,6.0NRT,293.3,46.7,D
157,27.048000000000002,-109.625,332.0,1.1,1.0,2019-08-18,1755,T,76,6.0NRT,307.6,9.1,D
158,26.826999999999998,-109.415,340.4,1.1,1.0,2019-08-18,1755,T,88,6.0NRT,310.9,19.6,D
159,26.679000000000002,-109.473,317.2,1.1,1.0,2019-08-18,1755,T,67,6.0NRT,303.0,10.1,D
160,26.671999999999997,-109.495,313.9,1.1,1.0,2019-08-18,1755,T,44,6.0NRT,301.6,6.8,D
161,25.921,-108.596,328.2,1.0,1.0,2019-08-18,1755,T,50,6.0NRT,306.1,10.8,D
162,25.566,-108.0,325.1,1.0,1.0,2019-08-18,1755,T,41,6.0NRT,304.3,7.4,D
163,25.789,-111.24700000000001,316.2,1.2,1.1,2019-08-18,1755,T,27,6.0NRT,303.3,11.4,D
164,25.075,-107.556,319.7,1.0,1.0,2019-08-18,1755,T,51,6.0NRT,302.5,9.5,D
165,25.17,-108.382,320.9,1.0,1.0,2019-08-18,1755,T,50,6.0NRT,303.5,10.2,D
166,24.358,-111.523,310.7,1.2,1.1,2019-08-18,1755,T,25,6.0NRT,298.5,10.0,D
167,20.581,-101.171,311.7,2.8,1.6,2019-08-18,1755,T,50,6.0NRT,295.4,26.9,D
168,48.099,-103.281,310.2,1.0,1.0,2019-08-18,1750,T,59,6.0NRT,298.5,4.9,D
169,47.83,-102.58200000000001,311.3,1.0,1.0,2019-08-18,1750,T,64,6.0NRT,297.4,7.0,D
170,42.687,-111.588,319.9,2.1,1.4,2019-08-18,1750,T,57,6.0NRT,306.1,27.0,D
171,40.832,-105.586,330.8,1.0,1.0,2019-08-18,1750,T,80,6.0NRT,306.2,20.7,D
172,40.830999999999996,-105.574,329.5,1.0,1.0,2019-08-18,1750,T,79,6.0NRT,306.7,18.9,D
173,40.305,-107.441,345.4,1.2,1.1,2019-08-18,1750,T,92,6.0NRT,305.9,56.1,D
174,40.304,-107.428,328.7,1.2,1.1,2019-08-18,1750,T,78,6.0NRT,306.4,22.4,D
175,40.296,-107.443,337.0,1.2,1.1,2019-08-18,1750,T,86,6.0NRT,305.8,38.9,D
176,40.294000000000004,-107.43,322.5,1.2,1.1,2019-08-18,1750,T,68,6.0NRT,306.7,14.4,D
177,37.359,-81.104,311.4,2.9,1.6,2019-08-18,1755,A,53,6.0NRT,295.2,26.8,D
178,39.905,-77.665,322.2,1.6,1.2,2019-08-18,1755,A,40,6.0NRT,303.7,15.0,D
179,40.608000000000004,-75.333,324.7,1.2,1.1,2019-08-18,1755,A,26,6.0NRT,304.6,14.2,D
180,40.783,-76.56,315.7,1.3,1.1,2019-08-18,1755,A,68,6.0NRT,298.6,12.2,D
181,42.8,-80.102,310.2,1.8,1.3,2019-08-18,1755,A,0,6.0NRT,295.4,14.1,D
182,45.835,-73.256,309.5,1.0,1.0,2019-08-18,1755,A,38,6.0NRT,291.2,6.0,D
183,17.602,-92.429,330.8,1.1,1.0,2019-08-18,1925,A,77,6.0NRT,293.5,25.6,D
184,17.573,-92.976,321.7,1.1,1.1,2019-08-18,1925,A,33,6.0NRT,297.4,11.3,D
185,17.641,-93.00399999999999,328.9,1.1,1.1,2019-08-18,1925,A,80,6.0NRT,300.0,21.4,D
186,18.202,-89.194,333.3,1.1,1.0,2019-08-18,1925,A,81,6.0NRT,304.6,22.6,D
187,17.836,-93.125,345.3,1.1,1.1,2019-08-18,1925,A,92,6.0NRT,297.2,52.5,D
188,17.884,-93.18799999999999,326.3,1.1,1.1,2019-08-18,1925,A,46,6.0NRT,300.1,15.3,D
189,18.018,-93.542,321.3,1.2,1.1,2019-08-18,1925,A,71,6.0NRT,297.4,13.2,D
190,18.743,-88.79,335.3,1.1,1.1,2019-08-18,1925,A,81,6.0NRT,296.5,29.2,D
191,18.055999999999997,-94.19,314.9,1.3,1.1,2019-08-18,1925,A,52,6.0NRT,296.4,7.7,D
192,18.183,-93.848,324.4,1.2,1.1,2019-08-18,1925,A,75,6.0NRT,297.8,15.9,D
193,18.180999999999997,-93.859,319.6,1.2,1.1,2019-08-18,1925,A,43,6.0NRT,296.6,8.8,D
194,18.531,-92.444,317.4,1.1,1.0,2019-08-18,1925,A,41,6.0NRT,297.0,7.2,D
195,19.465999999999998,-96.324,322.5,1.7,1.3,2019-08-18,1925,A,0,6.0NRT,298.0,19.4,D
196,47.975,-117.74799999999999,314.4,1.9,1.3,2019-08-18,1930,T,42,6.0NRT,302.2,17.3,D
197,45.192,-117.462,314.6,2.3,1.5,2019-08-18,1930,T,54,6.0NRT,294.4,37.3,D
198,37.834,-118.902,332.1,3.2,1.7,2019-08-18,1930,T,82,6.0NRT,302.8,123.7,D
199,37.836,-118.90700000000001,328.6,3.2,1.7,2019-08-18,1930,T,79,6.0NRT,302.7,98.7,D
200,37.828,-118.874,316.1,3.2,1.7,2019-08-18,1930,T,42,6.0NRT,299.9,35.5,D
201,23.85,-99.186,328.4,2.2,1.4,2019-08-18,1930,A,49,6.0NRT,303.7,36.9,D
202,24.583000000000002,-97.66799999999999,313.6,1.7,1.3,2019-08-18,1930,A,35,6.0NRT,297.3,13.5,D
203,29.601999999999997,-94.684,335.4,1.0,1.0,2019-08-18,1930,A,80,6.0NRT,300.5,28.7,D
204,30.658,-87.307,310.0,2.0,1.4,2019-08-18,1930,A,28,6.0NRT,288.4,10.9,D
205,30.256999999999998,-95.70100000000001,316.9,1.1,1.0,2019-08-18,1930,A,41,6.0NRT,300.2,5.7,D
206,31.44,-88.075,315.9,1.8,1.3,2019-08-18,1930,A,63,6.0NRT,293.9,16.1,D
207,30.85,-94.10700000000001,316.0,1.0,1.0,2019-08-18,1930,A,51,6.0NRT,298.8,6.2,D
208,30.956,-94.069,335.5,1.0,1.0,2019-08-18,1930,A,86,6.0NRT,302.1,29.1,D
209,31.017,-95.334,322.7,1.0,1.0,2019-08-18,1930,A,39,6.0NRT,306.6,10.4,D
210,30.279,-100.919,330.7,2.1,1.4,2019-08-18,1930,A,66,6.0NRT,308.5,32.3,D
211,30.275,-100.94,331.5,2.1,1.4,2019-08-18,1930,A,69,6.0NRT,307.4,36.5,D
212,31.791999999999998,-93.165,318.6,1.0,1.0,2019-08-18,1930,A,55,6.0NRT,302.2,6.7,D
213,32.366,-91.065,328.3,1.2,1.1,2019-08-18,1930,A,78,6.0NRT,303.1,21.5,D
214,32.918,-94.71799999999999,325.5,1.0,1.0,2019-08-18,1930,A,0,6.0NRT,307.9,12.8,D
215,33.161,-93.021,327.0,1.0,1.0,2019-08-18,1930,A,78,6.0NRT,297.3,18.0,D
216,34.553000000000004,-90.555,317.0,1.4,1.2,2019-08-18,1930,A,0,6.0NRT,298.9,14.4,D
217,34.2,-95.223,324.7,1.0,1.0,2019-08-18,1930,A,67,6.0NRT,302.8,10.9,D
218,34.199,-95.234,343.3,1.0,1.0,2019-08-18,1930,A,90,6.0NRT,305.4,37.7,D
219,34.209,-95.225,335.5,1.0,1.0,2019-08-18,1930,A,85,6.0NRT,301.5,24.5,D
220,34.208,-95.236,353.2,1.0,1.0,2019-08-18,1930,A,96,6.0NRT,304.2,57.3,D
221,34.043,-100.37200000000001,336.4,1.6,1.2,2019-08-18,1930,A,78,6.0NRT,312.7,30.8,D
222,34.04,-100.389,339.9,1.6,1.2,2019-08-18,1930,A,83,6.0NRT,315.3,40.8,D
223,34.036,-100.406,337.1,1.6,1.2,2019-08-18,1930,A,79,6.0NRT,314.2,32.2,D
224,34.056999999999995,-100.35799999999999,335.0,1.6,1.2,2019-08-18,1930,A,76,6.0NRT,314.3,27.0,D
225,34.054,-100.375,371.0,1.6,1.2,2019-08-18,1930,A,100,6.0NRT,315.5,192.4,D
226,34.05,-100.39200000000001,341.9,1.6,1.2,2019-08-18,1930,A,85,6.0NRT,311.5,47.5,D
227,34.047,-100.40899999999999,334.7,1.6,1.2,2019-08-18,1930,A,75,6.0NRT,311.4,25.1,D
228,34.071,-100.344,340.8,1.6,1.2,2019-08-18,1930,A,84,6.0NRT,312.6,47.2,D
229,34.068000000000005,-100.361,341.7,1.6,1.2,2019-08-18,1930,A,85,6.0NRT,315.7,48.5,D
230,34.065,-100.37799999999999,355.4,1.6,1.2,2019-08-18,1930,A,97,6.0NRT,312.7,105.2,D
231,34.056999999999995,-100.365,353.0,1.6,1.2,2019-08-18,1930,A,95,6.0NRT,315.7,91.9,D
232,34.054,-100.382,360.0,1.6,1.2,2019-08-18,1930,A,99,6.0NRT,314.3,126.3,D
233,34.075,-100.335,331.2,1.6,1.2,2019-08-18,1930,A,44,6.0NRT,310.3,20.1,D
234,34.071,-100.351,346.0,1.6,1.2,2019-08-18,1930,A,90,6.0NRT,314.4,64.5,D
235,34.068000000000005,-100.368,344.9,1.6,1.2,2019-08-18,1930,A,89,6.0NRT,314.7,59.0,D
236,34.065,-100.385,331.9,1.6,1.2,2019-08-18,1930,A,41,6.0NRT,311.3,17.6,D
237,34.189,-99.792,349.2,1.5,1.2,2019-08-18,1930,A,93,6.0NRT,313.7,63.9,D
238,34.085,-100.338,340.3,1.6,1.2,2019-08-18,1930,A,80,6.0NRT,311.1,50.3,D
239,34.082,-100.354,351.3,1.6,1.2,2019-08-18,1930,A,94,6.0NRT,312.9,90.0,D
240,34.079,-100.37100000000001,337.5,1.6,1.2,2019-08-18,1930,A,76,6.0NRT,310.3,37.5,D
241,34.203,-99.779,343.0,1.5,1.2,2019-08-18,1930,A,87,6.0NRT,313.4,45.5,D
242,34.2,-99.795,415.9,1.5,1.2,2019-08-18,1930,A,100,6.0NRT,318.7,594.0,D
243,34.196999999999996,-99.811,351.9,1.5,1.2,2019-08-18,1930,A,95,6.0NRT,311.4,78.8,D
244,34.096,-100.34100000000001,411.3,1.6,1.2,2019-08-18,1930,A,100,6.0NRT,314.4,612.2,D
245,34.093,-100.35799999999999,392.1,1.6,1.2,2019-08-18,1930,A,100,6.0NRT,313.7,379.4,D
246,34.21,-99.79799999999999,345.9,1.5,1.2,2019-08-18,1930,A,90,6.0NRT,308.1,59.3,D
247,35.355,-95.836,323.2,1.0,1.0,2019-08-18,1930,A,73,6.0NRT,302.9,10.3,D
248,35.821999999999996,-97.075,334.3,1.1,1.0,2019-08-18,1930,A,83,6.0NRT,300.2,28.5,D
249,37.468,-97.844,340.4,1.1,1.0,2019-08-18,1930,A,88,6.0NRT,302.6,35.3,D
250,37.466,-97.85600000000001,323.5,1.1,1.0,2019-08-18,1930,A,62,6.0NRT,302.5,10.3,D
251,37.507,-98.238,341.4,1.1,1.0,2019-08-18,1930,A,89,6.0NRT,306.9,37.0,D
252,37.505,-98.25,353.2,1.1,1.0,2019-08-18,1930,A,96,6.0NRT,306.9,64.0,D
253,37.510999999999996,-98.244,350.4,1.1,1.0,2019-08-18,1930,A,94,6.0NRT,306.6,57.3,D
254,37.509,-98.257,329.2,1.1,1.0,2019-08-18,1930,A,77,6.0NRT,307.1,16.5,D
255,37.535,-98.39200000000001,406.8,1.1,1.1,2019-08-18,1930,A,100,6.0NRT,313.4,327.1,D
256,37.533,-98.404,405.1,1.1,1.1,2019-08-18,1930,A,100,6.0NRT,312.8,313.8,D
257,37.544000000000004,-98.39399999999999,342.4,1.1,1.1,2019-08-18,1930,A,89,6.0NRT,304.1,36.4,D
258,40.303000000000004,-107.427,331.7,3.0,1.6,2019-08-18,1930,A,82,6.0NRT,302.3,122.3,D
259,40.296,-107.45700000000001,334.2,3.0,1.6,2019-08-18,1930,A,84,6.0NRT,300.9,140.8,D
260,40.303000000000004,-107.431,333.4,3.0,1.6,2019-08-18,1930,A,83,6.0NRT,302.3,132.9,D
261,40.296,-107.46,322.9,3.0,1.6,2019-08-18,1930,A,70,6.0NRT,300.3,72.2,D
262,40.829,-105.57600000000001,317.9,2.2,1.5,2019-08-18,1930,A,55,6.0NRT,303.4,27.2,D
263,46.76,-97.655,307.7,1.0,1.0,2019-08-18,1935,A,62,6.0NRT,295.6,5.5,D
264,47.111000000000004,-96.869,301.9,1.1,1.0,2019-08-18,1935,A,7,6.0NRT,290.6,2.4,D
265,47.048,-97.76899999999999,304.4,1.0,1.0,2019-08-18,1935,A,24,6.0NRT,293.6,2.8,D
266,47.825,-102.586,309.5,1.1,1.1,2019-08-18,1935,A,51,6.0NRT,299.1,5.5,D
267,24.495,-107.823,310.4,3.2,1.7,2019-08-18,2105,A,14,6.0NRT,295.7,26.6,D
268,24.824,-110.583,315.1,2.1,1.4,2019-08-18,2105,A,63,6.0NRT,300.1,28.2,D
269,25.323,-108.185,327.6,3.1,1.7,2019-08-18,2105,A,69,6.0NRT,298.4,39.4,D
270,25.32,-108.215,330.1,3.1,1.7,2019-08-18,2105,A,74,6.0NRT,298.4,54.8,D
271,25.32,-108.189,328.8,3.1,1.7,2019-08-18,2105,A,73,6.0NRT,298.5,47.2,D
272,25.432,-107.921,322.8,3.3,1.7,2019-08-18,2105,A,13,6.0NRT,298.2,58.3,D
273,28.691,-112.91799999999999,316.3,1.6,1.2,2019-08-18,2105,A,59,6.0NRT,304.8,20.6,D
274,35.025,-111.89399999999999,320.9,2.3,1.5,2019-08-18,2110,A,41,6.0NRT,283.9,51.2,D
275,35.024,-111.91799999999999,328.2,2.3,1.5,2019-08-18,2110,A,73,6.0NRT,285.5,73.8,D
276,35.024,-111.902,327.9,2.3,1.5,2019-08-18,2110,A,73,6.0NRT,283.9,77.8,D
277,35.101,-114.64,364.9,1.5,1.2,2019-08-18,2110,A,100,6.0NRT,320.3,146.7,D
278,35.111999999999995,-114.64200000000001,375.0,1.5,1.2,2019-08-18,2110,A,100,6.0NRT,316.7,209.3,D
279,35.374,-112.04299999999999,331.7,2.3,1.5,2019-08-18,2110,A,67,6.0NRT,306.6,56.2,D
280,36.336999999999996,-112.271,370.9,2.2,1.4,2019-08-18,2110,A,100,6.0NRT,302.1,369.8,D
281,36.335,-112.295,343.1,2.2,1.4,2019-08-18,2110,A,88,6.0NRT,300.3,137.0,D
282,36.336,-112.251,336.7,2.2,1.5,2019-08-18,2110,A,82,6.0NRT,282.6,106.7,D
283,36.335,-112.275,357.3,2.2,1.4,2019-08-18,2110,A,98,6.0NRT,303.3,239.2,D
284,36.333,-112.29899999999999,327.8,2.2,1.4,2019-08-18,2110,A,45,6.0NRT,298.9,61.4,D
285,36.346,-112.301,327.8,2.2,1.4,2019-08-18,2110,A,65,6.0NRT,298.3,65.6,D
286,36.506,-112.255,322.3,2.3,1.5,2019-08-18,2110,A,24,6.0NRT,294.3,45.6,D
287,36.516,-119.45100000000001,325.2,1.0,1.0,2019-08-18,2110,A,52,6.0NRT,311.5,6.4,D
288,37.585,-112.301,328.3,2.3,1.5,2019-08-18,2110,A,73,6.0NRT,301.4,65.5,D
289,37.583,-112.32799999999999,320.6,2.3,1.5,2019-08-18,2110,A,35,6.0NRT,303.2,34.8,D
290,37.814,-118.889,333.0,1.1,1.0,2019-08-18,2110,A,46,6.0NRT,314.4,15.4,D
291,37.821999999999996,-118.902,335.2,1.1,1.0,2019-08-18,2110,A,66,6.0NRT,317.1,17.8,D
292,37.832,-118.89299999999999,338.5,1.1,1.0,2019-08-18,2110,A,45,6.0NRT,313.8,22.6,D
293,37.830999999999996,-118.904,373.9,1.1,1.0,2019-08-18,2110,A,100,6.0NRT,320.0,117.9,D
294,37.849000000000004,-118.90799999999999,335.2,1.1,1.0,2019-08-18,2110,A,76,6.0NRT,317.1,19.3,D
295,39.33,-121.402,330.6,1.0,1.0,2019-08-18,2110,A,78,6.0NRT,310.4,14.8,D
296,45.185,-117.447,355.3,1.4,1.2,2019-08-18,2110,A,97,6.0NRT,305.7,114.2,D
297,45.183,-117.463,412.9,1.4,1.2,2019-08-18,2110,A,100,6.0NRT,314.6,571.0,D
298,45.181000000000004,-117.48299999999999,320.2,1.4,1.2,2019-08-18,2110,A,66,6.0NRT,301.0,20.3,D
299,41.666000000000004,-87.46799999999999,301.4,1.9,1.3,2019-08-19,320,T,40,6.0NRT,291.2,9.2,N
300,46.578,-80.79,311.8,1.0,1.0,2019-08-19,320,T,83,6.0NRT,276.6,13.2,N
301,18.699,-70.693,300.8,1.3,1.1,2019-08-19,310,T,34,6.0NRT,285.2,8.6,N
302,18.925,-70.355,301.2,1.3,1.1,2019-08-19,310,T,35,6.0NRT,288.1,5.6,N
303,43.652,-108.57,316.9,1.1,1.1,2019-08-19,500,T,94,6.0NRT,284.6,20.2,N
304,43.65,-108.583,309.7,1.1,1.1,2019-08-19,500,T,78,6.0NRT,283.4,13.6,N
305,45.356,-114.46799999999999,302.8,2.0,1.4,2019-08-19,500,T,52,6.0NRT,289.9,15.3,N
306,25.583000000000002,-99.935,308.7,1.0,1.0,2019-08-19,455,T,72,6.0NRT,297.6,4.1,N
307,26.881,-101.413,312.5,1.0,1.0,2019-08-19,455,T,81,6.0NRT,291.1,8.4,N
308,26.885,-101.445,313.9,1.0,1.0,2019-08-19,455,T,85,6.0NRT,293.6,8.3,N
309,26.884,-101.455,317.6,1.0,1.0,2019-08-19,455,T,94,6.0NRT,294.6,12.0,N
310,29.575,-98.03399999999999,308.0,1.2,1.1,2019-08-19,455,T,62,6.0NRT,296.6,6.7,N
311,30.266,-93.29,321.8,2.5,1.5,2019-08-19,455,T,100,6.0NRT,292.8,65.6,N
312,30.261,-93.27,305.5,2.5,1.5,2019-08-19,455,T,63,6.0NRT,292.8,15.5,N
313,30.259,-93.296,319.1,2.5,1.5,2019-08-19,455,T,98,6.0NRT,292.8,55.8,N
314,30.046999999999997,-103.515,308.4,1.1,1.0,2019-08-19,455,T,74,6.0NRT,292.4,9.0,N
315,36.346,-112.271,304.1,2.6,1.5,2019-08-19,455,T,55,6.0NRT,288.0,29.2,N
316,39.573,-111.258,300.6,1.9,1.3,2019-08-19,455,T,31,6.0NRT,281.7,17.4,N
317,17.995,-92.478,311.1,2.0,1.4,2019-08-19,450,T,82,6.0NRT,268.5,33.2,N
318,17.993,-92.49600000000001,309.1,2.0,1.4,2019-08-19,450,T,76,6.0NRT,271.3,30.3,N
319,18.202,-93.999,301.7,1.5,1.2,2019-08-19,450,T,43,6.0NRT,285.5,6.7,N
320,18.203,-94.006,311.7,1.5,1.2,2019-08-19,450,T,83,6.0NRT,285.6,18.9,N
321,18.621,-95.845,311.7,1.2,1.1,2019-08-19,450,T,83,6.0NRT,290.7,10.9,N
322,18.642,-95.836,310.8,1.2,1.1,2019-08-19,450,T,81,6.0NRT,291.0,9.9,N
323,19.301,-92.198,308.4,2.2,1.4,2019-08-19,450,T,61,6.0NRT,294.0,14.4,N
324,19.396,-92.042,313.3,2.2,1.4,2019-08-19,450,T,82,6.0NRT,293.8,27.5,N
325,19.569000000000003,-92.243,315.6,2.2,1.4,2019-08-19,450,T,88,6.0NRT,293.8,32.0,N
326,19.570999999999998,-92.228,308.6,2.2,1.4,2019-08-19,450,T,61,6.0NRT,293.8,15.2,N
327,19.569000000000003,-92.249,311.7,2.2,1.4,2019-08-19,450,T,76,6.0NRT,293.7,22.1,N
328,20.579,-101.17200000000001,304.2,1.1,1.0,2019-08-19,450,T,59,6.0NRT,289.5,7.0,N
329,22.034000000000002,-98.52600000000001,311.3,1.0,1.0,2019-08-19,450,T,82,6.0NRT,295.7,7.2,N
330,30.271,-93.28200000000001,316.4,2.4,1.5,2019-08-19,735,A,93,6.0NRT,292.0,45.5,N
331,30.256999999999998,-93.28399999999999,307.0,2.4,1.5,2019-08-19,735,A,70,6.0NRT,292.5,20.9,N
332,29.764,-93.866,304.3,2.6,1.5,2019-08-19,735,A,60,6.0NRT,293.1,15.6,N
333,19.574,-92.23299999999999,323.3,1.4,1.2,2019-08-19,735,A,100,6.0NRT,295.8,29.8,N
334,19.57,-92.24,317.5,1.4,1.2,2019-08-19,735,A,94,6.0NRT,295.8,20.2,N
335,19.569000000000003,-92.226,313.9,1.4,1.2,2019-08-19,735,A,84,6.0NRT,295.8,14.8,N
336,19.441,-92.03200000000001,307.0,1.4,1.2,2019-08-19,735,A,51,6.0NRT,296.2,6.1,N
337,19.4,-92.051,307.2,1.4,1.2,2019-08-19,735,A,52,6.0NRT,295.9,6.4,N
338,19.399,-92.037,321.8,1.4,1.2,2019-08-19,735,A,100,6.0NRT,296.2,26.0,N
339,19.307000000000002,-92.205,307.0,1.4,1.2,2019-08-19,735,A,51,6.0NRT,295.9,6.6,N
340,19.305999999999997,-92.19200000000001,309.2,1.4,1.2,2019-08-19,735,A,65,6.0NRT,295.9,8.9,N
341,18.750999999999998,-88.79,304.7,1.0,1.0,2019-08-19,735,A,61,6.0NRT,292.6,5.1,N
342,18.652,-92.175,340.4,1.4,1.2,2019-08-19,735,A,100,6.0NRT,295.6,67.2,N
343,18.003,-92.501,312.6,1.4,1.2,2019-08-19,735,A,85,6.0NRT,293.2,16.7,N
344,18.000999999999998,-92.488,366.2,1.4,1.2,2019-08-19,735,A,100,6.0NRT,295.4,173.4,N
345,17.999000000000002,-92.475,330.1,1.4,1.2,2019-08-19,735,A,100,6.0NRT,294.1,46.3,N
346,17.9,-92.495,311.3,1.4,1.2,2019-08-19,740,A,82,6.0NRT,293.3,14.4,N
347,17.899,-92.48100000000001,317.1,1.4,1.2,2019-08-19,740,A,94,6.0NRT,293.5,22.2,N
348,17.894000000000002,-93.18799999999999,307.9,1.6,1.2,2019-08-19,740,A,73,6.0NRT,292.0,13.5,N
349,17.892,-93.17299999999999,307.4,1.6,1.2,2019-08-19,740,A,71,6.0NRT,291.7,12.7,N
350,17.852,-93.118,319.0,1.6,1.2,2019-08-19,740,A,98,6.0NRT,292.2,29.3,N
351,17.85,-93.104,305.9,1.6,1.2,2019-08-19,740,A,34,6.0NRT,291.7,9.7,N
352,17.840999999999998,-93.12,314.5,1.6,1.2,2019-08-19,740,A,89,6.0NRT,291.9,21.7,N
353,17.839000000000002,-93.105,304.6,1.6,1.2,2019-08-19,740,A,12,6.0NRT,291.6,8.2,N
354,17.852,-93.125,309.6,1.6,1.2,2019-08-19,740,A,72,6.0NRT,291.9,14.3,N
355,17.85,-93.11,323.4,1.6,1.2,2019-08-19,740,A,100,6.0NRT,292.1,37.8,N
356,17.839000000000002,-93.11200000000001,305.8,1.6,1.2,2019-08-19,740,A,29,6.0NRT,291.9,9.7,N
357,41.633,-87.132,303.8,1.4,1.2,2019-08-19,730,A,57,6.0NRT,289.8,10.1,N
358,39.981,-86.833,302.3,1.3,1.1,2019-08-19,730,A,48,6.0NRT,289.9,8.2,N
359,38.699,-90.12899999999999,305.9,1.9,1.3,2019-08-19,730,A,66,6.0NRT,293.4,14.5,N
360,37.238,-82.035,304.0,1.0,1.0,2019-08-19,730,A,58,6.0NRT,290.6,6.4,N
361,43.657,-108.56700000000001,305.8,1.1,1.0,2019-08-19,910,A,66,6.0NRT,288.5,9.7,N
362,37.867,-118.91799999999999,301.5,3.4,1.7,2019-08-19,910,A,42,6.0NRT,282.7,44.8,N
363,36.344,-112.277,308.6,1.3,1.1,2019-08-19,910,A,74,6.0NRT,286.5,14.3,N
364,36.342,-112.26299999999999,302.2,1.3,1.1,2019-08-19,910,A,24,6.0NRT,285.3,8.9,N
365,44.968999999999994,-123.005,357.6,1.8,1.3,2019-08-19,1045,A,100,6.0NRT,286.9,188.8,N
366,36.917,-77.808,334.2,3.6,1.8,2019-08-19,1520,T,86,6.0NRT,295.7,182.3,D
367,20.232,-75.172,317.3,1.5,1.2,2019-08-19,1525,T,60,6.0NRT,296.4,8.0,D
368,18.105,-71.63600000000001,319.1,1.0,1.0,2019-08-19,1525,T,67,6.0NRT,292.7,11.6,D
369,44.467,-88.09700000000001,313.8,1.0,1.0,2019-08-19,1655,T,41,6.0NRT,299.7,4.5,D
370,43.663999999999994,-86.367,310.1,1.1,1.0,2019-08-19,1655,T,60,6.0NRT,297.4,6.1,D
371,44.248999999999995,-91.50299999999999,310.5,1.1,1.0,2019-08-19,1655,T,66,6.0NRT,299.0,7.7,D
372,43.33,-88.42,308.8,1.0,1.0,2019-08-19,1655,T,37,6.0NRT,298.2,4.6,D
373,43.199,-89.335,312.1,1.0,1.0,2019-08-19,1655,T,52,6.0NRT,300.1,5.8,D
374,41.457,-81.678,315.5,2.1,1.4,2019-08-19,1655,T,71,6.0NRT,295.3,16.8,D
375,41.336000000000006,-88.199,313.6,1.0,1.0,2019-08-19,1655,T,46,6.0NRT,298.8,6.1,D
376,40.992,-87.961,314.6,1.1,1.0,2019-08-19,1655,T,42,6.0NRT,300.3,7.5,D
377,38.021,-77.315,313.6,4.6,2.0,2019-08-19,1655,T,70,6.0NRT,287.8,65.7,D
378,38.021,-77.321,314.7,4.6,2.0,2019-08-19,1655,T,51,6.0NRT,286.9,68.0,D
379,39.975,-86.836,311.7,1.2,1.1,2019-08-19,1655,T,56,6.0NRT,295.3,7.8,D
380,39.641,-86.83,314.7,1.2,1.1,2019-08-19,1655,T,65,6.0NRT,298.0,9.4,D
381,39.705999999999996,-88.45700000000001,314.4,1.1,1.0,2019-08-19,1655,T,64,6.0NRT,299.5,6.9,D
382,39.341,-87.41,312.5,1.2,1.1,2019-08-19,1655,T,58,6.0NRT,298.5,6.4,D
383,39.403,-88.815,314.3,1.0,1.0,2019-08-19,1655,T,42,6.0NRT,300.6,6.5,D
384,36.92,-77.814,315.7,4.7,2.0,2019-08-19,1655,T,56,6.0NRT,289.1,94.7,D
385,36.92,-77.819,315.3,4.7,2.0,2019-08-19,1655,T,56,6.0NRT,289.2,94.5,D
386,38.695,-90.145,324.3,1.0,1.0,2019-08-19,1655,T,76,6.0NRT,303.6,8.7,D
387,38.693000000000005,-90.134,330.1,1.0,1.0,2019-08-19,1655,T,71,6.0NRT,302.9,15.6,D
388,38.992,-92.63799999999999,316.9,1.1,1.0,2019-08-19,1655,T,24,6.0NRT,301.1,8.2,D
389,37.316,-87.544,323.2,1.2,1.1,2019-08-19,1655,T,75,6.0NRT,299.5,16.8,D
390,37.313,-87.531,315.9,1.2,1.1,2019-08-19,1655,T,37,6.0NRT,298.8,6.5,D
391,37.441,-89.36200000000001,316.2,1.1,1.0,2019-08-19,1655,T,36,6.0NRT,302.6,7.7,D
392,37.277,-88.929,316.6,1.1,1.0,2019-08-19,1655,T,64,6.0NRT,300.5,8.5,D
393,37.275,-88.917,323.8,1.1,1.0,2019-08-19,1655,T,76,6.0NRT,300.0,16.4,D
394,36.643,-86.57799999999999,317.8,1.4,1.2,2019-08-19,1655,T,67,6.0NRT,301.5,10.8,D
395,36.6,-86.525,318.3,1.4,1.2,2019-08-19,1655,T,65,6.0NRT,302.2,11.9,D
396,36.586,-87.288,320.1,1.3,1.1,2019-08-19,1655,T,29,6.0NRT,302.1,10.6,D
397,37.244,-91.899,316.4,1.0,1.0,2019-08-19,1655,T,63,6.0NRT,299.1,6.5,D
